btc-days-600|2|4.91|0.14
btc-days-600|3|15.42|0.33
btc-days-600|4|24.87|0.55
btc-days-600|5|35.49|0.74
btc-days-600|6|45.97|0.92
btc-days-600|7|52.23|1.11
btc-days-600|8|55.96|1.30
btc-days-600|9|60.55|1.49
btc-days-600|10|65.21|1.71
btc-days-600|11|67.25|1.92
btc-days-600|12|71.98|2.13
btc-days-600|13|74.04|2.33
btc-days-600|14|77.43|2.55
btc-days-600|15|79.33|2.75
btc-days-600|16|81.17|2.96
btc-days-600|17|82.56|3.15
btc-days-600|18|84.26|3.38
btc-days-600|19|84.77|3.59
btc-days-600|20|85.95|3.81
btc-days-600|21|87.18|4.01
btc-days-600|22|88.20|4.22
btc-days-600|23|89.27|4.41
btc-days-600|24|90.86|4.60
btc-days-600|25|91.39|4.79
btc-days-600|26|92.45|4.99
btc-days-600|27|92.62|5.17
btc-days-600|28|93.32|5.37
btc-days-600|29|94.24|5.53
btc-days-600|30|94.95|5.73
btc-days-600|31|95.51|5.89
btc-days-600|32|95.29|6.08
btc-days-600|33|95.09|6.24
btc-days-600|34|95.63|6.44
btc-days-600|35|96.01|6.61
btc-days-600|36|96.18|6.81
btc-days-600|37|96.74|6.98
btc-days-600|38|96.72|7.17
btc-days-600|39|97.30|7.34
btc-days-600|40|97.86|7.53
btc-days-600|41|97.86|7.70
btc-days-600|42|98.04|7.89
btc-days-600|43|98.04|8.05
btc-days-600|44|98.03|8.25
btc-days-600|45|98.22|8.43
btc-days-600|46|98.41|8.64
btc-days-600|47|98.21|8.82
btc-days-600|48|98.40|9.04
btc-days-600|49|98.59|9.22
btc-days-600|50|98.58|9.43
btc-days-600|16|80.82|2.96
